-560.037677860
-560.038512893
-560.039240748
-560.040028438
-560.040731062
-560.041492284
-560.042158264
-560.042873466
-560.043588571
-560.044200648
-560.044887964
-560.045472590
-560.046118983
-560.046676387
-560.047291816
-560.047827973
-560.048414367
-560.048924397
-560.049481453
-560.049969388
-560.050497664
-560.050962491
-560.051462177
-560.051896816
-560.052322329
-560.052784578
-560.053184500
-560.053623133
-560.054003587
-560.054371991
-560.054770496
-560.055117173
-560.055456086
-560.055817440
-560.056131819
-560.056442059
-560.056767716
-560.057056346
-560.057331009
-560.057599199
-560.057880768
-560.058125650
-560.058364815
-560.058590552
-560.058808428
-560.059017007
-560.059218340
-560.059422723
-560.059605607
-560.059775669
-560.059938932
-560.060090229
-560.060234923
-560.060370430
-560.060495179
-560.060612923
-560.060721207
-560.060820994
-560.060911899
-560.060985288
-560.061058547
-560.061122757
-560.061178658
-560.061224953
-560.061258368
-560.061287142
-560.061306299
-560.061316409
-560.061316791
-560.061308886
-560.061292401
-560.061268190
-560.061233338
-560.061194082
-560.061139617
-560.061085996
-560.061014383
-560.060942516
-560.060853809
-560.060767873
-560.060673663
-560.060558910
-560.060445787
-560.060328945
-560.060189733
-560.060052984
-560.059900756
-560.059753944
-560.059596081
-560.059428926
-560.059246064
-560.059046820
-560.058857145
-560.058646678
-560.058460812
-560.058232947
-560.058013793
-560.057772865
-560.057535774
-560.057277168
-560.057012773
-560.056757191
-560.056492868
-560.056201430
-560.055924211
-560.055608231
-560.055314354
-560.054994842
-560.054689123
-560.054337841
-560.054018335
-560.053667938
-560.053320491
-560.052951946
-560.052573852
-560.052205133
-560.051842749
-560.051423457
-560.051047382
-560.050588744
