-559.922446474
-559.924705321
-559.926522546
-559.929158998
-559.930931107
-559.933501727
-559.934747539
-559.937241930
-559.939322472
-559.940990388
-559.943403720
-559.945029611
-559.947387551
-559.948972198
-559.951252465
-559.952724374
-559.954253054
-559.956469767
-559.957959162
-559.960118564
-559.961547498
-559.963650994
-559.965392413
-559.966787078
-559.968808624
-559.969786848
-559.971761002
-559.973070976
-559.974992882
-559.976579851
-559.977853470
-559.979698954
-559.980938411
-559.982734089
-559.983925335
-559.985339737
-559.986791267
-559.987951899
-559.989633070
-559.990757759
-559.992392559
-559.993476352
-559.995065834
-559.996382125
-559.997139136
-559.998667216
-559.999692880
-560.001177699
-560.002160948
-560.003373284
-560.004795201
-560.005749387
-560.007130253
-560.008056842
-560.009141882
-560.010031946
-560.011133159
-560.012419707
-560.013279633
-560.014528001
-560.015365331
-560.016576255
-560.017377224
-560.018367770
-560.019303363
-560.020081442
-560.021206303
-560.021960410
-560.023047746
-560.023768057
-560.024659206
-560.025698379
-560.026394756
-560.027208456
-560.027884994
-560.028862188
-560.029506848
-560.030303354
-560.031233166
-560.031855840
-560.032754716
-560.033356562
-560.034225129
-560.034633435
-560.035345585
-560.036173318
-560.036727186
-560.037524194
-560.038058663
-560.038821260
-560.039336776
-560.039965058
-560.040554717
-560.041044442
-560.041750077
-560.042221678
-560.042893247
-560.043346056
-560.043899079
-560.044539993
-560.044967985
-560.045583877
-560.045878771
-560.046465966
-560.046862543
-560.047345741
-560.047902870
-560.048275279
-560.048810395
-560.049167102
-560.049673622
-560.049938092
-560.050335749
-560.050817322
-560.051137945
-560.051597822
-560.051902807
-560.052336402
-560.052562681
-560.052982593
-560.053268569
-560.053584442
-560.053974308
-560.054233135
-560.054598439
-560.054788694
-560.055141360
-560.055381067
-560.055708792
-560.056031363
-560.056244831
-560.056486542
-560.056644429
-560.056934496
-560.057130693
-560.057397828
-560.057659910
-560.057832613
-560.058074650
-560.058200143
-560.058386021
-560.058542084
-560.058753760
-560.058959560
-560.059094326
-560.059281438
-560.059378196
-560.059554109
-560.059668727
-560.059829400
-560.059952262
-560.060051779
-560.060188400
-560.060258799
-560.060384130
-560.060464922
-560.060576484
-560.060679771
-560.060744312
-560.060834043
-560.060862284
-560.060941386
-560.060990766
-560.061056738
-560.061114734
-560.061149575
-560.061195313
-560.061216447
-560.061250894
-560.061265154
-560.061288865
-560.061305465
-560.061312361
-560.061317502
-560.061317216
-560.061311719
-560.061304074
-560.061287338
-560.061264034
-560.061250834
-560.061223670
-560.061198299
-560.061155824
-560.061123043
-560.061070165
-560.061011210
-560.060968789
-560.060910379
-560.060875619
-560.060798926
-560.060743304
-560.060656988
-560.060565050
-560.060500728
-560.060414797
-560.060343240
-560.060233828
-560.060156121
-560.060062058
-560.059939607
-560.059855048
-560.059744047
-560.059652119
-560.059513502
-560.059416116
-560.059269291
-560.059117671
-560.059014429
-560.058910894
-560.058800578
-560.058634976
-560.058519400
-560.058345932
-560.058168312
-560.058048069
-560.057890390
-560.057762257
-560.057609830
-560.057477466
-560.057279952
-560.057081799
-560.056942018
-560.056764305
-560.056620363
-560.056406091
-560.056257688
-560.056037000
-560.055862166
-560.055707511
-560.055511584
-560.055353100
-560.055117353
-560.054954765
-560.054713537
-560.054473768
-560.054304938
-560.054141765
-560.053969929
-560.053715280
-560.053539683
-560.053279635
-560.053021257
-560.052839939
-560.052610220
-560.052425686
-560.052152724
-560.052020937
-560.051743651
-560.051468848
-560.051316962
-560.051031869
-560.050836184
-560.050547093
-560.050348269
-560.050054685
-560.049764766
-560.049664572
-560.049364997
-560.049159142
-560.048855359
-560.048645866
-560.048337970
-560.048034392
-560.047865557
-560.047551721
-560.047400989
-560.047083812
-560.046866083
-560.046545185
-560.046322700
-560.046052442
-560.045726126
-560.045502239
-560.045172461
-560.044946214
-560.044681668
-560.044451161
-560.044172215
-560.043834606
-560.043602047
-560.043261282
-560.043027647
-560.042683841
-560.042446565
-560.042229343
-560.041881501
-560.041643136
-560.041292466
-560.041052168
-560.040705729
-560.040463596
-560.040157074
-560.039799667
-560.039554828
-560.039269454
-560.039023143
-560.038669200
-560.038421250
-560.038106317
-560.037740642
