idx  bond1
0    1.302
1    1.304
2    1.306
3    1.308
4    1.310
5    1.312
6    1.314
7    1.316
8    1.318
9    1.320
10   1.322
11   1.324
12   1.326
13   1.328
14   1.330
15   1.332
16   1.334
17   1.336
18   1.338
19   1.340
20   1.342
21   1.344
22   1.346
23   1.348
24   1.350
25   1.352
26   1.354
27   1.356
28   1.358
29   1.360
30   1.362
31   1.364
32   1.366
33   1.368
34   1.370
35   1.372
36   1.374
37   1.376
38   1.378
39   1.380
40   1.382
41   1.384
42   1.386
43   1.388
44   1.390
45   1.392
46   1.394
47   1.396
48   1.398
49   1.400
50   1.402
51   1.404
52   1.406
53   1.408
54   1.410
55   1.412
56   1.414
57   1.416
58   1.418
59   1.420
60   1.422
61   1.424
62   1.426
63   1.428
64   1.430
65   1.432
66   1.434
67   1.436
68   1.438
69   1.440
70   1.442
71   1.444
72   1.446
73   1.448
74   1.450
75   1.452
76   1.454
77   1.456
78   1.458
79   1.460
80   1.462
81   1.464
82   1.466
83   1.468
84   1.470
85   1.472
86   1.474
87   1.476
88   1.478
89   1.480
90   1.482
91   1.484
92   1.486
93   1.488
94   1.490
95   1.492
96   1.494
97   1.496
98   1.498
99   1.500
100  1.502
101  1.504
102  1.506
103  1.508
104  1.510
105  1.512
106  1.514
107  1.516
108  1.518
109  1.520
110  1.522
111  1.524
112  1.526
113  1.528
114  1.530
115  1.532
116  1.534
117  1.536
118  1.538
119  1.540
120  1.542
121  1.544
122  1.546
123  1.548
124  1.550
125  1.552
126  1.554
127  1.556
128  1.558
129  1.560
130  1.562
131  1.564
132  1.566
133  1.568
134  1.570
135  1.572
136  1.574
137  1.576
138  1.578
139  1.580
140  1.582
141  1.584
142  1.586
143  1.588
144  1.590
145  1.592
146  1.594
147  1.596
148  1.598
149  1.600
150  1.602
151  1.604
152  1.606
153  1.608
154  1.610
155  1.612
156  1.614
157  1.616
158  1.618
159  1.620
160  1.622
161  1.624
162  1.626
163  1.628
164  1.630
165  1.632
166  1.634
167  1.636
168  1.638
169  1.640
170  1.642
171  1.644
172  1.646
173  1.648
174  1.650
175  1.652
176  1.654
177  1.656
178  1.658
179  1.660
180  1.662
181  1.664
182  1.666
183  1.668
184  1.670
185  1.672
186  1.674
187  1.676
188  1.678
189  1.680
190  1.682
191  1.684
192  1.686
193  1.688
194  1.690
195  1.692
196  1.694
197  1.696
198  1.698
199  1.700
200  1.702
201  1.704
202  1.706
203  1.708
204  1.710
205  1.712
206  1.714
207  1.716
208  1.718
209  1.720
210  1.722
211  1.724
212  1.726
213  1.728
214  1.730
215  1.732
216  1.734
217  1.736
218  1.738
219  1.740
220  1.742
221  1.744
222  1.746
223  1.748
224  1.750
225  1.752
226  1.754
227  1.756
228  1.758
229  1.760
230  1.762
231  1.764
232  1.766
233  1.768
234  1.770
235  1.772
236  1.774
237  1.776
238  1.778
239  1.780
240  1.782
241  1.784
242  1.786
243  1.788
244  1.790
245  1.792
246  1.794
247  1.796
248  1.798
249  1.800
250  1.802
251  1.804
252  1.806
253  1.808
254  1.810
255  1.812
256  1.814
257  1.816
258  1.818
259  1.820
260  1.822
261  1.824
262  1.826
263  1.828
264  1.830
265  1.832
266  1.834
267  1.836
268  1.838
269  1.840
270  1.842
271  1.844
272  1.846
273  1.848
274  1.850
275  1.852
276  1.854
277  1.856
278  1.858
279  1.860
280  1.862
281  1.864
282  1.866
283  1.868
284  1.870
285  1.872
286  1.874
287  1.876
288  1.878
289  1.880
290  1.882
291  1.884
292  1.886
293  1.888
294  1.890
295  1.892
296  1.894
297  1.896
298  1.898
299  1.900
