-560.058605193
-560.058632704
-560.058673245
-560.058728602
-560.058800625
-560.058886207
-560.058986321
-560.059099769
-560.059223240
-560.059354390
-560.059493837
-560.059641201
-560.059791900
-560.059941751
-560.060092463
-560.060238642
-560.060381971
-560.060524123
-560.060663478
-560.060797640
-560.060923039
-560.061041870
-560.061147855
-560.061238035
-560.061315852
-560.061377251
-560.061427176
-560.061463284
-560.061487088
-560.061499020
-560.061495751
-560.061479438
-560.061446333
-560.061401575
-560.061341794
-560.061271355
-560.061189251
-560.061099560
-560.060999200
-560.060894193
-560.060782076
-560.060664384
-560.060544559
-560.060422873
-560.060299276
-560.060176223
-560.060054582
-560.059936603
-560.059825466
-560.059721250
-560.059620987
-560.059530418
-560.059447792
-560.059372875
-560.059310256
-560.059257716
-560.059219330
-560.059192508
-560.059177637
-560.059176955
-560.059186983
-560.059207662
-560.059236013
-560.059273407
-560.059321074
-560.059380986
-560.059451000
-560.059533444
-560.059619817
-560.059712858
-560.059808248
-560.059910416
-560.060015956
-560.060126724
-560.060238102
-560.060352273
-560.060464322
-560.060575003
-560.060681123
-560.060779985
-560.060870006
-560.060950798
-560.061024901
-560.061090610
-560.061147177
-560.061195642
-560.061229285
-560.061250971
-560.061260584
-560.061254544
